ACCEL9    99     1106002                    PPPPPP000000.00                     
ACCEL9  11       1106002     -0.10430688D-07                   .1000D-03        
ACCEL9  12       1106002      0.42597598D-07                   .1000D-03        
ACCEL9  13       1106002      0.55917079D-10                   .1000D-03        
ACCEL9 021       1106002     -0.90777910D-08                 .210000D-03        
ACCEL9 022       1106002      0.58905234D-08                 .220000D-03        
ACCEL9 023       1106002-0.1277546565289E-37                 .000000D-23        
ACCEL9 031       1106002-0.2199037022106E-39                   .0000D-33        
ACCEL9 032       1106002 0.3048487762769E-39                   .0000D-33        
ACCEL9 033       1106002 0.5001771842766E-31                   .0000D-33        
ACCEL9    99     1405002                    PPPPPP000000.00                     
ACCEL9  11       1405002     -0.33942613D-07                   .1000D-03        
ACCEL9  12       1405002      0.40466037D-07                   .1000D-03        
ACCEL9  13       1405002      0.48228319D-08                   .1000D-03        
ACCEL9 021       1405002      0.27807306D-08                 .210000D-03        
ACCEL9 022       1405002     -0.66034775D-08                 .220000D-03        
ACCEL9 023       1405002-0.1277546565289E-37                 .000000D-23        
ACCEL9 031       1405002-0.2199037022106E-39                   .0000D-33        
ACCEL9 032       1405002 0.3048487762769E-39                   .0000D-33        
ACCEL9 033       1405002 0.5001771842766E-31                   .0000D-33        
ACCEL9    99     1507901                    PPPPPP000000.00                     
ACCEL9  11       1507901      0.24653569D-07                   .1000D-03        
ACCEL9  12       1507901     -0.48186067D-07                   .1000D-03        
ACCEL9  13       1507901      0.70465802D-09                   .1000D-03        
ACCEL9 021       1507901      0.40332311D-08                 .210000D-03        
ACCEL9 022       1507901     -0.19838154D-08                 .220000D-03        
ACCEL9 023       1507901-0.1277546565289E-37                 .000000D-23        
ACCEL9 031       1507901-0.2199037022106E-39                   .0000D-33        
ACCEL9 032       1507901 0.3048487762769E-39                   .0000D-33        
ACCEL9 033       1507901 0.5001771842766E-31                   .0000D-33        
ACCEL9    99     1603002                    PPPPPP000000.00                     
ACCEL9  11       1603002     -0.29660722D-07                   .1000D-03        
ACCEL9  12       1603002     -0.20482451D-07                   .1000D-03        
ACCEL9  13       1603002     -0.71574514D-09                   .1000D-03        
ACCEL9 021       1603002      0.28824902D-08                 .210000D-03        
ACCEL9 022       1603002      0.79632733D-08                 .220000D-03        
ACCEL9 023       1603002-0.1277546565289E-37                 .000000D-23        
ACCEL9 031       1603002-0.2199037022106E-39                   .0000D-33        
ACCEL9 032       1603002 0.3048487762769E-39                   .0000D-33        
ACCEL9 033       1603002 0.5001771842766E-31                   .0000D-33        
ACCEL9    99     1301901                    PPPPPP000000.00                     
ACCEL9  11       1301901     -0.10430688D-07                   .1000D-03        
ACCEL9  12       1301901      0.42597598D-07                   .1000D-03        
ACCEL9  13       1301901      0.55917079D-10                   .1000D-03        
ACCEL9 021       1301901     -0.90777910D-08                 .210000D-03        
ACCEL9 022       1301901      0.58905234D-08                 .220000D-03        
ACCEL9 023       1301901-0.1277546565289E-37                 .000000D-23        
ACCEL9 031       1301901-0.2199037022106E-39                   .0000D-33        
ACCEL9 032       1301901 0.3048487762769E-39                   .0000D-33        
ACCEL9 033       1301901 0.5001771842766E-31                   .0000D-33        
ACCEL9    99     1407501                    PPPPPP000000.00                     
ACCEL9  11       1407501     -0.33942613D-07                   .1000D-03        
ACCEL9  12       1407501      0.40466037D-07                   .1000D-03        
ACCEL9  13       1407501      0.48228319D-08                   .1000D-03        
ACCEL9 021       1407501      0.27807306D-08                 .210000D-03        
ACCEL9 022       1407501     -0.66034775D-08                 .220000D-03        
ACCEL9 023       1407501-0.1277546565289E-37                 .000000D-23        
ACCEL9 031       1407501-0.2199037022106E-39                   .0000D-33        
ACCEL9 032       1407501 0.3048487762769E-39                   .0000D-33        
ACCEL9 033       1407501 0.5001771842766E-31                   .0000D-33        
ACCEL9    99     1805301                    PPPPPP000000.00                     
ACCEL9  11       1805301      0.24653569D-07                   .1000D-03        
ACCEL9  12       1805301     -0.48186067D-07                   .1000D-03        
ACCEL9  13       1805301      0.70465802D-09                   .1000D-03        
ACCEL9 021       1805301      0.40332311D-08                 .210000D-03        
ACCEL9 022       1805301     -0.19838154D-08                 .220000D-03        
ACCEL9 023       1805301-0.1277546565289E-37                 .000000D-23        
ACCEL9 031       1805301-0.2199037022106E-39                   .0000D-33        
ACCEL9 032       1805301 0.3048487762769E-39                   .0000D-33        
ACCEL9 033       1805301 0.5001771842766E-31                   .0000D-33        
ACCEL9    99     1808601                    PPPPPP000000.00                     
ACCEL9  11       1808601     -0.29660722D-07                   .1000D-03        
ACCEL9  12       1808601     -0.20482451D-07                   .1000D-03        
ACCEL9  13       1808601     -0.71574514D-09                   .1000D-03        
ACCEL9 021       1808601      0.28824902D-08                 .210000D-03        
ACCEL9 022       1808601      0.79632733D-08                 .220000D-03        
ACCEL9 023       1808601-0.1277546565289E-37                 .000000D-23        
ACCEL9 031       1808601-0.2199037022106E-39                   .0000D-33        
ACCEL9 032       1808601 0.3048487762769E-39                   .0000D-33        
ACCEL9 033       1808601 0.5001771842766E-31                   .0000D-33        
ACCEL9    99     1004501                    PPPPPP000000.00                     
ACCEL9  11       1004501     -0.10430688D-07                   .1000D-03        
ACCEL9  12       1004501      0.42597598D-07                   .1000D-03        
ACCEL9  13       1004501      0.55917079D-10                   .1000D-03        
ACCEL9 021       1004501     -0.90777910D-08                 .210000D-03        
ACCEL9 022       1004501      0.58905234D-08                 .220000D-03        
ACCEL9 023       1004501-0.1277546565289E-37                 .000000D-23        
ACCEL9 031       1004501-0.2199037022106E-39                   .0000D-33        
ACCEL9 032       1004501 0.3048487762769E-39                   .0000D-33        
ACCEL9 033       1004501 0.5001771842766E-31                   .0000D-33        
ACCEL9    99     1702801                    PPPPPP000000.00                     
ACCEL9  11       1702801     -0.33942613D-07                   .1000D-03        
ACCEL9  12       1702801      0.40466037D-07                   .1000D-03        
ACCEL9  13       1702801      0.48228319D-08                   .1000D-03        
ACCEL9 021       1702801      0.27807306D-08                 .210000D-03        
ACCEL9 022       1702801     -0.66034775D-08                 .220000D-03        
ACCEL9 023       1702801-0.1277546565289E-37                 .000000D-23        
ACCEL9 031       1702801-0.2199037022106E-39                   .0000D-33        
ACCEL9 032       1702801 0.3048487762769E-39                   .0000D-33        
ACCEL9 033       1702801 0.5001771842766E-31                   .0000D-33        
ACCEL9    99     1704801                    PPPPPP000000.00                     
ACCEL9  11       1704801      0.24653569D-07                   .1000D-03        
ACCEL9  12       1704801     -0.48186067D-07                   .1000D-03        
ACCEL9  13       1704801      0.70465802D-09                   .1000D-03        
ACCEL9 021       1704801      0.40332311D-08                 .210000D-03        
ACCEL9 022       1704801     -0.19838154D-08                 .220000D-03        
ACCEL9 023       1704801-0.1277546565289E-37                 .000000D-23        
ACCEL9 031       1704801-0.2199037022106E-39                   .0000D-33        
ACCEL9 032       1704801 0.3048487762769E-39                   .0000D-33        
ACCEL9 033       1704801 0.5001771842766E-31                   .0000D-33        
ACCEL9    99     1706201                    PPPPPP000000.00                     
ACCEL9  11       1706201     -0.29660722D-07                   .1000D-03        
ACCEL9  12       1706201     -0.20482451D-07                   .1000D-03        
ACCEL9  13       1706201     -0.71574514D-09                   .1000D-03        
ACCEL9 021       1706201      0.28824902D-08                 .210000D-03        
ACCEL9 022       1706201      0.79632733D-08                 .220000D-03        
ACCEL9 023       1706201-0.1277546565289E-37                 .000000D-23        
ACCEL9 031       1706201-0.2199037022106E-39                   .0000D-33        
ACCEL9 032       1706201 0.3048487762769E-39                   .0000D-33        
ACCEL9 033       1706201 0.5001771842766E-31                   .0000D-33        
